RAND_MAX = |2147483647 & 0x1fffffff = | 536870911

input:
  | 105562934 | 329484137 | 365980888 | 431275395 | 277349784 | 502678653 | 514324533 | 375104597
  | 244788792 | 370521981 | 243884309 | 202410901 | 254867379 | 431215418 | 348294662 | 112139293
  | 165031905 | 284658119 | 220467456 | 107791100 | 344945693 | 523403826 | 364119962 | 487268865
  | 256577130 | 515347140 |  80491567 | 321488164 | 416461374 | 187871299 | 172539682 | 522024308
  | 517355437 |   1649659 | 416428791 | 257834309 | 504328312 | 393882413 |  96067995 | 212246192
output:
  |1289316198 |1501661036 |1327253011 |1320799869 |1797952542 |2039051609 |1495346834 |1708783255
